96.24 90.52 19.02 33.32
96.24 90.52 19.02 33.32
101.96 87.66 50.48 79.08
96.24 90.52 81.94 84.80
96.24 79.08 7.58 33.32
101.96 87.66 36.18 19.02
101.96 79.08 50.48 79.08
96.24 90.52 19.02 33.32
101.96 87.66 36.18 19.02
101.96 79.08 39.04 79.08
96.24 79.08 7.58 33.32
96.24 90.52 81.94 39.04
96.24 90.52 16.16 39.04
96.24 79.08 7.58 36.18
101.96 90.52 39.04 76.22
101.96 90.52 33.32 19.02
101.96 90.52 33.32 19.02
101.96 90.52 50.48 76.22
101.96 19.02 36.18 87.66
39.04 39.04 19.02 16.16
93.38 33.32 90.52 7.58 24.74
96.24 90.52 7.58 19.02 33.32
93.38 90.52 7.58 24.74 33.32
93.38 33.32 87.66 36.18 76.22
96.24 90.52 70.50 76.22 33.32
93.38 36.18 87.66 50.48 7.58
96.24 90.52 7.58 33.32 16.16
96.24 87.66 39.04 39.04 16.16
96.24 79.08 39.04 19.02 36.18
101.96 90.52 39.04 39.04 16.16
96.24 87.66 36.18 36.18 84.80
93.38 33.32 36.18 87.66 21.88
101.96 87.66 36.18 56.20 87.66
101.96 90.52 39.04 33.32 19.02
101.96 79.08 33.32 56.20 84.80
90.52 53.34 19.02 33.32 33.32
101.96 87.66 19.02 36.18 81.94
96.24 90.52 7.58 19.02 33.32
93.38 33.32 90.52 16.16 36.18
93.38 19.02 33.32 90.52 84.80
101.96 56.20 90.52 50.48 19.02
101.96 90.52 39.04 36.18 33.32
101.96 87.66 36.18 87.66 36.18
96.24 36.18 16.16 7.58 33.32
96.24 90.52 16.16 19.02 36.18
96.24 90.52 7.58 39.04 33.32
96.24 87.66 33.32 36.18 87.66
101.96 90.52 7.58 19.02 33.32
93.38 33.32 30.46 50.48 76.22
96.24 90.52 53.34 19.02 33.32
96.24 87.66 21.88 36.18 87.66
93.38 33.32 36.18 87.66 21.88
101.96 90.52 39.04 39.04 16.16
96.24 90.52 19.02 36.18 33.32
96.24 90.52 7.58 33.32 87.66
96.24 30.46 50.48 76.22 81.94
101.96 30.46 36.18 76.22 53.34 33.32
96.24 87.66 7.58 36.18 16.16 81.94
96.24 90.52 7.58 33.32 84.80 16.16
93.38 36.18 79.08 7.58 36.18 16.16
16.16 93.38 36.18 87.66 10.44 36.18
101.96 87.66 7.58 4.72 36.18 19.02
96.24 87.66 50.48 76.22 84.80 50.48
93.38 33.32 90.52 7.58 33.32 16.16
101.96 30.46 50.48 76.22 56.20 19.02
101.96 30.46 50.48 76.22 19.02 36.18
93.38 81.94 33.32 76.22 7.58 19.02
96.24 87.66 7.58 4.72 19.02 36.18
93.38 36.18 30.46 76.22 19.02 59.06
56.20 96.24 90.52 33.32 16.16 33.32
96.24 30.46 7.58 33.32 33.32 16.16
96.24 87.66 19.02 36.18 87.66 16.16
96.24 90.52 7.58 33.32 16.16 39.04
96.24 87.66 36.18 56.20 84.80 16.16
93.38 36.18 30.46 36.18 87.66 84.80
101.96 90.52 7.58 39.04 39.04 19.02
96.24 90.52 39.04 39.04 19.02 16.16
101.96 79.08 33.32 33.32 56.20 79.08
96.24 56.20 79.08 7.58 33.32 33.32
96.24 90.52 36.18 81.94 76.22 16.16
93.38 33.32 90.52 7.58 33.32 81.94
101.96 90.52 50.48 81.94 70.50 33.32
93.38 79.08 16.16 4.72 36.18 16.16
93.38 36.18 87.66 16.16 7.58 33.32
93.38 90.52 56.20 16.16 19.02 36.18
96.24 87.66 36.18 1.86 36.18 87.66
96.24 87.66 7.58 36.18 81.94 33.32
96.24 79.08 36.18 84.80 70.50 76.22
93.38 36.18 87.66 19.02 36.18 87.66
101.96 19.02 36.18 56.20 87.66 56.20
101.96 19.02 90.52 7.58 19.02 33.32
96.24 79.08 84.80 16.16 7.58 33.32
93.38 19.02 36.18 79.08 7.58 33.32
96.24 79.08 7.58 33.32 84.80 16.16
93.38 30.46 19.02 36.18 87.66 56.20
96.24 79.08 36.18 84.80 70.50 76.22
101.96 79.08 19.02 33.32 36.18 56.20
101.96 30.46 76.22 33.32 76.22 19.02
33.32 90.52 7.58 33.32 76.22 33.32
96.24 87.66 7.58 36.18 84.80 16.16
101.96 87.66 7.58 36.18 56.20 19.02
96.24 90.52 16.16 24.74 4.72 36.18
96.24 90.52 7.58 33.32 7.58 33.32
101.96 90.52 7.58 39.04 33.32 76.22
101.96 79.08 7.58 19.02 19.02 41.90
16.16 93.38 33.32 90.52 39.04 84.80
93.38 36.18 30.46 76.22 7.58 39.04
93.38 4.72 36.18 30.46 76.22 76.22
101.96 87.66 50.48 76.22 56.20 33.32
101.96 87.66 53.34 36.18 87.66 56.20
96.24 79.08 53.34 36.18 19.02 16.16
101.96 90.52 53.34 33.32 76.22 50.48
96.24 30.46 76.22 16.16 7.58 33.32
101.96 87.66 50.48 76.22 56.20 33.32
101.96 87.66 53.34 36.18 87.66 56.20
96.24 90.52 7.58 36.18 19.02 33.32
93.38 33.32 30.46 76.22 7.58 33.32
96.24 87.66 19.02 36.18 87.66 16.16
101.96 19.02 90.52 7.58 33.32 33.32
96.24 90.52 7.58 33.32 33.32 16.16
93.38 79.08 7.58 33.32 16.16 33.32
101.96 87.66 19.02 36.18 56.20 19.02
96.24 90.52 39.04 33.32 70.50 39.04
101.96 30.46 39.04 56.20 76.22 39.04
96.24 90.52 50.48 76.22 16.16 36.18
101.96 90.52 39.04 76.22 7.58 33.32
101.96 56.20 90.52 7.58 33.32 33.32
96.24 30.46 7.58 33.32 33.32 87.66
93.38 56.20 87.66 36.18 76.22 16.16
96.24 79.08 39.04 76.22 70.50 76.22
101.96 87.66 19.02 33.32 36.18 87.66 16.16
101.96 56.20 87.66 50.48 87.66 70.50 76.22
96.24 87.66 7.58 36.18 16.16 33.32 33.32
96.24 56.20 30.46 50.48 76.22 70.50 76.22
96.24 87.66 36.18 87.66 33.32 1.86 33.32
101.96 79.08 7.58 39.04 76.22 16.16 39.04
96.24 90.52 7.58 33.32 16.16 7.58 33.32
101.96 79.08 7.58 33.32 76.22 53.34 33.32
101.96 90.52 33.32 19.02 16.16 7.58 33.32
93.38 33.32 90.52 19.02 16.16 7.58 33.32
101.96 56.20 90.52 7.58 19.02 33.32 33.32
101.96 19.02 36.18 87.66 10.44 16.16 7.58
101.96 30.46 33.32 36.18 76.22 84.80 70.50
101.96 90.52 33.32 16.16 19.02 33.32 33.32
93.38 30.46 50.48 76.22 16.16 81.94 33.32
101.96 79.08 7.58 41.90 87.66 7.58 33.32
101.96 79.08 7.58 19.02 81.94 33.32 84.80
96.24 87.66 33.32 1.86 19.02 36.18 16.16
16.16 33.32 70.50 39.04 96.24 90.52 84.80
96.24 90.52 4.72 33.32 16.16 33.32 33.32
101.96 56.20 87.66 36.18 36.18 16.16 39.04
93.38 90.52 7.58 19.02 33.32 16.16 36.18
93.38 33.32 90.52 7.58 33.32 84.80 16.16
101.96 19.02 19.02 36.18 87.66 84.80 84.80
101.96 19.02 90.52 7.58 19.02 81.94 33.32
101.96 19.02 33.32 19.02 36.18 87.66 10.44
101.96 19.02 33.32 19.02 36.18 87.66 4.72
96.24 79.08 7.58 33.32 16.16 7.58 33.32
101.96 90.52 7.58 19.02 39.04 39.04 39.04
101.96 19.02 36.18 87.66 10.44 16.16 33.32
93.38 33.32 16.16 33.32 79.08 7.58 33.32
93.38 36.18 90.52 56.20 56.20 16.16 81.94
96.24 90.52 7.58 33.32 33.32 16.16 39.04
96.24 90.52 33.32 76.22 70.50 33.32 36.18
96.24 30.46 33.32 36.18 76.22 84.80 16.16
96.24 90.52 7.58 19.02 33.32 16.16 33.32
93.38 87.66 36.18 84.80 33.32 70.50 76.22
96.24 87.66 36.18 76.22 16.16 39.04 39.04
101.96 79.08 39.04 39.04 84.80 16.16 4.72
96.24 79.08 7.58 19.02 36.18 84.80 16.16
93.38 36.18 87.66 36.18 70.50 7.58 19.02
93.38 19.02 33.32 90.52 56.20 19.02 33.32
96.24 90.52 7.58 33.32 16.16 7.58 36.18
101.96 87.66 36.18 76.22 7.58 36.18 16.16
93.38 33.32 90.52 56.20 16.16 33.32 36.18
101.96 87.66 19.02 36.18 16.16 19.02 36.18
96.24 90.52 39.04 39.04 87.66 70.50 76.22
101.96 79.08 7.58 19.02 33.32 76.22 56.20
101.96 79.08 39.04 76.22 70.50 76.22 56.20
101.96 90.52 7.58 39.04 33.32 56.20 79.08
93.38 4.72 36.18 90.52 33.32 76.22 70.50
93.38 4.72 36.18 16.16 33.32 87.66 84.80
93.38 33.32 33.32 79.08 7.58 33.32 33.32
93.38 33.32 90.52 56.20 84.80 4.72 36.18
96.24 87.66 36.18 81.94 84.80 64.78 16.16
101.96 79.08 19.02 36.18 87.66 19.02 36.18
101.96 30.46 36.18 76.22 36.18 76.22 33.32
96.24 90.52 39.04 33.32 33.32 16.16 90.52
96.24 90.52 39.04 33.32 33.32 16.16 33.32
96.24 90.52 7.58 33.32 16.16 7.58 33.32
101.96 87.66 41.90 76.22 39.04 36.18 39.04
93.38 33.32 16.16 19.02 36.18 33.32 56.20
101.96 79.08 36.18 19.02 84.80 70.50 76.22
101.96 79.08 7.58 61.92 19.02 33.32 33.32
101.96 79.08 36.18 56.20 76.22 70.50 39.04
101.96 30.46 19.02 36.18 36.18 76.22 84.80
93.38 36.18 90.52 56.20 56.20 16.16 81.94
96.24 90.52 39.04 16.16 70.50 76.22 56.20
101.96 19.02 36.18 87.66 16.16 13.30 33.32
96.24 79.08 39.04 76.22 70.50 76.22 64.78
93.38 33.32 33.32 90.52 50.48 56.20 79.08
70.50 96.24 79.08 7.58 19.02 41.90 84.80
16.16 4.72 101.96 19.02 79.08 7.58 41.90
101.96 90.52 36.18 33.32 56.20 79.08 19.02
96.24 90.52 7.58 33.32 16.16 19.02 33.32
101.96 87.66 36.18 16.16 7.58 39.04 84.80
96.24 87.66 24.74 36.18 87.66 70.50 36.18
93.38 33.32 87.66 36.18 87.66 16.16 36.18
93.38 79.08 7.58 81.94 33.32 16.16 36.18
101.96 79.08 7.58 19.02 39.04 39.04 79.08
90.52 39.04 19.02 16.16 7.58 33.32 33.32
93.38 33.32 87.66 50.48 81.94 70.50 76.22
101.96 19.02 90.52 7.58 33.32 16.16 33.32
96.24 90.52 50.48 76.22 70.50 76.22 33.32
101.96 79.08 39.04 76.22 16.16 7.58 33.32
93.38 33.32 16.16 33.32 90.52 33.32 79.08
101.96 56.20 56.20 79.08 7.58 33.32 76.22
96.24 90.52 39.04 81.94 7.58 33.32 16.16
101.96 79.08 19.02 19.02 36.18 56.20 84.80
96.24 90.52 39.04 33.32 70.50 76.22 33.32
101.96 79.08 39.04 33.32 16.16 39.04 39.04
96.24 90.52 7.58 19.02 33.32 16.16 33.32
96.24 90.52 84.80 16.16 36.18 16.16 33.32
101.96 87.66 36.18 87.66 16.16 53.34 24.74
101.96 87.66 61.92 19.02 33.32 36.18 87.66
39.04 53.34 19.02 33.32 16.16 7.58 33.32
93.38 33.32 16.16 33.32 33.32 90.52 19.02 36.18
96.24 90.52 7.58 33.32 87.66 70.50 76.22 64.78
96.24 90.52 7.58 19.02 33.32 56.20 87.66 16.16
96.24 90.52 7.58 33.32 76.22 36.18 30.46 76.22
101.96 79.08 50.48 76.22 70.50 76.22 70.50 33.32
101.96 79.08 7.58 33.32 87.66 70.50 7.58 33.32
93.38 33.32 87.66 50.48 87.66 70.50 76.22 19.02
96.24 90.52 56.20 59.06 19.02 16.16 81.94 36.18
101.96 19.02 36.18 90.52 7.58 33.32 84.80 84.80
101.96 79.08 7.58 33.32 16.16 39.04 39.04 79.08
93.38 33.32 90.52 7.58 39.04 33.32 87.66 16.16
96.24 90.52 7.58 33.32 16.16 7.58 33.32 84.80
96.24 87.66 50.48 76.22 50.48 87.66 84.80 16.16
96.24 90.52 70.50 19.02 36.18 16.16 33.32 33.32
96.24 30.46 76.22 53.34 33.32 36.18 16.16 33.32
96.24 30.46 76.22 84.80 70.50 7.58 33.32 36.18
96.24 79.08 7.58 19.02 33.32 16.16 36.18 87.66
96.24 90.52 7.58 33.32 16.16 7.58 19.02 33.32
101.96 79.08 7.58 19.02 24.74 39.04 33.32 84.80
101.96 19.02 90.52 7.58 19.02 21.88 39.04 39.04
96.24 90.52 36.18 36.18 36.18 1.86 19.02 33.32
93.38 33.32 16.16 33.32 90.52 21.88 16.16 33.32
96.24 79.08 39.04 76.22 7.58 79.08 53.34 33.32
101.96 79.08 7.58 4.72 36.18 56.20 87.66 16.16
93.38 33.32 16.16 36.18 90.52 7.58 24.74 33.32
93.38 33.32 16.16 36.18 87.66 36.18 33.32 56.20
101.96 79.08 7.58 19.02 33.32 19.02 33.32 39.04
96.24 90.52 7.58 33.32 87.66 7.58 36.18 33.32
96.24 90.52 7.58 19.02 33.32 16.16 33.32 33.32
93.38 16.16 7.58 36.18 84.80 87.66 7.58 24.74
101.96 79.08 7.58 33.32 39.04 79.08 56.20 84.80
93.38 4.72 36.18 16.16 33.32 36.18 87.66 84.80
93.38 87.66 36.18 56.20 84.80 70.50 76.22 19.02
101.96 87.66 33.32 36.18 87.66 81.94 39.04 33.32
101.96 79.08 7.58 19.02 36.18 84.80 16.16 39.04
101.96 56.20 90.52 7.58 19.02 81.94 33.32 33.32
101.96 56.20 90.52 7.58 19.02 81.94 33.32 19.02
96.24 87.66 7.58 36.18 87.66 16.16 53.34 36.18
93.38 30.46 36.18 87.66 16.16 50.48 87.66 84.80
96.24 87.66 36.18 76.22 70.50 76.22 53.34 36.18
101.96 19.02 33.32 33.32 87.66 19.02 36.18 87.66
16.16 93.38 33.32 79.08 7.58 33.32 79.08 19.02
101.96 19.02 36.18 87.66 10.44 16.16 7.58 19.02
93.38 33.32 79.08 7.58 33.32 16.16 39.04 39.04
101.96 19.02 36.18 16.16 33.32 36.18 87.66 10.44
101.96 30.46 19.02 36.18 90.52 76.22 84.80 56.20
93.38 4.72 36.18 30.46 76.22 16.16 81.94 19.02
93.38 19.02 33.32 87.66 19.02 36.18 19.02 16.16
101.96 19.02 36.18 87.66 16.16 19.02 39.04 39.04
93.38 36.18 87.66 56.20 84.80 16.16 19.02 33.32
101.96 87.66 36.18 87.66 33.32 16.16 81.94 36.18
101.96 56.20 90.52 7.58 19.02 33.32 76.22 33.32
96.24 90.52 36.18 56.20 70.50 76.22 56.20 56.20
93.38 33.32 16.16 33.32 90.52 76.22 33.32 87.66
101.96 79.08 19.02 76.22 76.22 7.58 33.32 33.32
96.24 79.08 39.04 76.22 70.50 7.58 33.32 33.32
96.24 87.66 7.58 33.32 36.18 16.16 7.58 33.32
93.38 33.32 90.52 7.58 19.02 33.32 16.16 36.18
93.38 33.32 90.52 7.58 19.02 33.32 16.16 36.18
99.10 33.32 90.52 50.48 70.50 76.22 7.58 33.32
96.24 79.08 70.50 7.58 36.18 19.02 19.02 33.32
93.38 4.72 36.18 16.16 19.02 36.18 87.66 84.80
93.38 33.32 16.16 33.32 90.52 7.58 41.90 33.32
16.16 93.38 33.32 79.08 7.58 41.90 33.32 84.80
93.38 36.18 30.46 76.22 16.16 36.18 87.66 84.80
93.38 30.46 76.22 84.80 70.50 76.22 33.32 36.18
93.38 4.72 36.18 87.66 7.58 33.32 16.16 33.32
93.38 36.18 87.66 19.02 1.86 93.38 87.66 19.02
93.38 4.72 36.18 87.66 84.80 16.16 19.02 33.32
93.38 4.72 33.32 36.18 87.66 84.80 16.16 33.32
93.38 4.72 33.32 36.18 90.52 7.58 33.32 87.66
93.38 33.32 90.52 56.20 84.80 16.16 7.58 33.32
96.24 90.52 33.32 87.66 16.16 33.32 90.52 56.20
96.24 87.66 21.88 1.86 19.02 36.18 56.20 56.20
96.24 90.52 7.58 33.32 33.32 16.16 7.58 33.32
96.24 79.08 84.80 81.94 7.58 33.32 16.16 36.18
101.96 19.02 36.18 79.08 7.58 33.32 16.16 36.18
96.24 90.52 7.58 33.32 16.16 39.04 19.02 33.32
96.24 90.52 7.58 33.32 16.16 39.04 56.20 33.32
96.24 90.52 7.58 33.32 16.16 39.04 56.20 33.32
93.38 36.18 79.08 50.48 76.22 16.16 7.58 36.18
101.96 87.66 36.18 19.02 16.16 39.04 39.04 36.18
101.96 19.02 19.02 36.18 87.66 10.44 16.16 39.04
101.96 19.02 36.18 87.66 84.80 16.16 7.58 33.32
96.24 87.66 24.74 36.18 87.66 16.16 19.02 36.18
101.96 19.02 19.02 36.18 87.66 10.44 16.16 39.04
101.96 19.02 36.18 79.08 16.16 7.58 39.04 41.90
96.24 30.46 36.18 76.22 16.16 53.34 19.02 36.18
93.38 33.32 30.46 7.58 33.32 33.32 76.22 84.80
96.24 30.46 76.22 84.80 16.16 7.58 39.04 33.32
93.38 33.32 30.46 50.48 76.22 16.16 19.02 39.04
93.38 33.32 90.52 7.58 33.32 16.16 19.02 36.18
96.24 56.20 87.66 7.58 36.18 81.94 70.50 33.32
101.96 87.66 7.58 33.32 1.86 7.58 36.18 84.80
93.38 33.32 90.52 7.58 33.32 33.32 33.32 16.16
96.24 90.52 39.04 56.20 87.66 16.16 13.30 33.32
16.16 93.38 36.18 87.66 53.34 36.18 56.20 87.66
93.38 90.52 101.96 36.18 16.16 36.18 33.32 36.18
93.38 87.66 19.02 36.18 79.08 53.34 33.32 16.16
96.24 90.52 33.32 76.22 16.16 81.94 19.02 90.52
16.16 93.38 36.18 87.66 53.34 36.18 56.20 87.66
93.38 90.52 101.96 36.18 16.16 36.18 33.32 36.18
93.38 87.66 19.02 36.18 79.08 53.34 33.32 16.16
96.24 90.52 33.32 76.22 16.16 81.94 19.02 90.52
101.96 19.02 36.18 87.66 84.80 70.50 76.22 33.32
96.24 90.52 84.80 70.50 7.58 36.18 16.16 33.32
96.24 90.52 7.58 33.32 76.22 16.16 7.58 33.32
93.38 33.32 16.16 7.58 33.32 87.66 7.58 36.18
96.24 90.52 7.58 33.32 76.22 81.94 36.18 16.16
101.96 30.46 50.48 76.22 7.58 33.32 7.58 33.32
101.96 19.02 36.18 16.16 33.32 36.18 87.66 10.44
93.38 19.02 36.18 16.16 36.18 87.66 19.02 33.32
96.24 79.08 7.58 33.32 16.16 39.04 41.90 33.32
96.24 79.08 39.04 56.20 87.66 7.58 33.32 16.16
90.52 7.58 39.04 19.02 33.32 70.50 7.58 33.32
96.24 90.52 39.04 39.04 33.32 36.18 30.46 76.22
96.24 90.52 7.58 33.32 16.16 39.04 39.04 33.32
101.96 90.52 39.04 39.04 87.66 7.58 36.18 33.32
93.38 33.32 90.52 56.20 84.80 16.16 7.58 33.32
93.38 33.32 16.16 33.32 90.52 7.58 33.32 76.22
93.38 19.02 33.32 30.46 19.02 36.18 87.66 16.16
101.96 56.20 16.16 7.58 33.32 30.46 76.22 19.02
96.24 79.08 19.02 19.02 36.18 19.02 70.50 76.22
93.38 33.32 79.08 19.02 33.32 16.16 19.02 33.32
93.38 33.32 79.08 19.02 36.18 87.66 16.16 4.72
101.96 87.66 36.18 61.92 19.02 70.50 76.22 84.80
93.38 19.02 33.32 90.52 61.92 19.02 16.16 33.32
93.38 33.32 90.52 56.20 7.58 33.32 16.16 19.02 33.32
93.38 90.52 84.80 84.80 16.16 7.58 39.04 41.90 36.18
101.96 19.02 7.58 33.32 33.32 90.52 19.02 33.32 33.32
96.24 87.66 19.02 36.18 16.16 33.32 87.66 19.02 36.18
96.24 30.46 76.22 70.50 7.58 19.02 33.32 16.16 33.32
96.24 30.46 76.22 16.16 36.18 16.16 16.16 4.72 33.32
96.24 87.66 36.18 76.22 101.96 50.48 87.66 7.58 33.32
93.38 33.32 90.52 7.58 39.04 33.32 76.22 64.78 16.16
93.38 36.18 16.16 36.18 87.66 36.18 1.86 36.18 87.66
101.96 19.02 36.18 16.16 4.72 1.86 4.72 87.66 19.02
96.24 90.52 7.58 24.74 33.32 16.16 33.32 56.20 56.20
101.96 19.02 36.18 16.16 7.58 39.04 33.32 87.66 10.44
93.38 33.32 16.16 33.32 90.52 19.02 16.16 7.58 33.32
101.96 56.20 16.16 39.04 30.46 33.32 36.18 87.66 33.32
96.24 90.52 33.32 90.52 19.02 33.32 33.32 1.86 33.32
93.38 33.32 79.08 56.20 19.02 16.16 4.72 36.18 33.32
93.38 33.32 33.32 90.52 101.96 36.18 36.18 36.18 87.66
93.38 4.72 19.02 36.18 7.58 87.66 16.16 19.02 36.18
101.96 19.02 36.18 16.16 33.32 87.66 10.44 16.16 39.04
101.96 19.02 36.18 87.66 84.80 16.16 7.58 19.02 33.32
93.38 81.94 33.32 16.16 33.32 90.52 36.18 81.94 56.20
101.96 19.02 36.18 16.16 7.58 33.32 33.32 87.66 84.80
76.22 4.72 33.32 101.96 50.48 30.46 76.22 39.04 41.90
101.96 19.02 33.32 33.32 30.46 50.48 76.22 16.16 33.32
96.24 79.08 7.58 19.02 19.02 33.32 84.80 16.16 39.04
101.96 19.02 19.02 36.18 87.66 10.44 16.16 7.58 33.32
93.38 33.32 33.32 36.18 70.50 76.22 16.16 19.02 36.18
93.38 33.32 90.52 56.20 19.02 16.16 19.02 19.02 36.18
93.38 19.02 33.32 30.46 76.22 36.18 87.66 70.50 76.22
96.24 87.66 7.58 4.72 24.74 36.18 16.16 16.16 4.72
96.24 90.52 7.58 33.32 33.32 16.16 7.58 81.94 33.32
101.96 56.20 16.16 7.58 33.32 79.08 7.58 33.32 79.08
16.16 93.38 33.32 90.52 7.58 33.32 33.32 33.32 36.18
93.38 33.32 16.16 33.32 90.52 84.80 16.16 33.32 4.72
93.38 33.32 16.16 33.32 33.32 16.16 90.52 84.80 70.50
96.24 87.66 7.58 36.18 84.80 16.16 36.18 84.80 16.16
93.38 4.72 36.18 16.16 39.04 30.46 76.22 84.80 33.32
96.24 30.46 76.22 50.48 70.50 76.22 7.58 19.02 33.32
96.24 30.46 50.48 76.22 7.58 33.32 70.50 76.22 50.48
93.38 30.46 76.22 33.32 16.16 16.16 53.34 36.18 36.18
101.96 19.02 7.58 33.32 36.18 87.66 24.74 36.18 33.32
101.96 19.02 7.58 33.32 36.18 87.66 24.74 36.18 87.66
93.38 81.94 33.32 87.66 7.58 33.32 36.18 84.80 16.16
93.38 19.02 33.32 79.08 33.32 33.32 70.50 76.22 16.16
93.38 33.32 16.16 36.18 87.66 7.58 36.18 1.86 36.18
101.96 56.20 90.52 7.58 19.02 33.32 33.32 76.22 16.16
93.38 36.18 33.32 33.32 79.08 84.80 16.16 7.58 33.32
93.38 36.18 16.16 36.18 16.16 7.58 19.02 84.80 33.32
101.96 30.46 7.58 33.32 76.22 64.78 16.16 4.72 39.04
16.16 101.96 19.02 36.18 79.08 39.04 39.04 87.66 19.02
93.38 33.32 16.16 33.32 90.52 84.80 16.16 19.02 36.18
93.38 30.46 76.22 36.18 76.22 16.16 16.16 7.58 33.32
96.24 90.52 7.58 19.02 33.32 76.22 16.16 19.02 36.18
93.38 33.32 87.66 21.88 36.18 76.22 19.02 33.32 16.16
101.96 56.20 87.66 7.58 39.04 36.18 84.80 16.16 33.32
96.24 79.08 7.58 33.32 16.16 39.04 1.86 39.04 16.16
93.38 33.32 16.16 7.58 33.32 79.08 84.80 16.16 33.32
93.38 33.32 16.16 33.32 87.66 24.74 36.18 87.66 16.16
93.38 33.32 79.08 7.58 33.32 16.16 7.58 19.02 36.18
101.96 90.52 7.58 24.74 33.32 70.50 76.22 39.04 33.32
96.24 87.66 33.32 33.32 33.32 16.16 33.32 19.02 36.18
101.96 56.20 87.66 7.58 19.02 19.02 36.18 84.80 16.16
96.24 90.52 81.94 19.02 36.18 7.58 19.02 33.32 16.16
101.96 19.02 19.02 33.32 36.18 90.52 7.58 33.32 33.32
93.38 36.18 87.66 19.02 36.18 81.94 16.16 36.18 16.16
101.96 90.52 7.58 33.32 16.16 36.18 7.58 19.02 33.32
93.38 19.02 36.18 87.66 81.94 36.18 70.50 76.22 39.04
93.38 4.72 36.18 87.66 84.80 70.50 81.94 64.78 36.18
93.38 4.72 36.18 87.66 19.02 16.16 7.58 36.18 33.32
96.24 90.52 7.58 33.32 76.22 16.16 33.32 1.86 101.96
93.38 4.72 19.02 36.18 16.16 33.32 36.18 87.66 84.80
96.24 90.52 7.58 33.32 16.16 7.58 19.02 33.32 33.32
81.94 36.18 90.52 7.58 19.02 33.32 70.50 76.22 96.24
101.96 19.02 79.08 7.58 33.32 56.20 79.08 70.50 76.22
101.96 19.02 33.32 90.52 7.58 39.04 33.32 7.58 33.32
96.24 30.46 76.22 84.80 7.58 33.32 16.16 7.58 33.32
93.38 90.52 101.96 19.02 7.58 33.32 50.48 87.66 16.16
93.38 33.32 30.46 7.58 33.32 87.66 84.80 76.22 64.78
96.24 30.46 7.58 19.02 19.02 33.32 87.66 70.50 76.22
101.96 56.20 90.52 50.48 76.22 70.50 76.22 7.58 33.32
93.38 33.32 36.18 16.16 7.58 39.04 87.66 36.18 79.08
101.96 19.02 36.18 87.66 7.58 19.02 33.32 16.16 39.04
101.96 19.02 19.02 36.18 87.66 10.44 16.16 7.58 33.32
101.96 19.02 19.02 36.18 87.66 10.44 16.16 7.58 33.32
101.96 87.66 24.74 36.18 87.66 16.16 81.94 70.50 33.32
93.38 30.46 76.22 7.58 33.32 81.94 16.16 19.02 36.18
93.38 19.02 36.18 16.16 33.32 87.66 10.44 16.16 36.18
90.52 7.58 33.32 16.16 19.02 36.18 81.94 19.02 81.94
93.38 33.32 90.52 7.58 61.92 19.02 16.16 19.02 36.18
101.96 19.02 36.18 87.66 33.32 16.16 7.58 39.04 33.32
76.22 59.06 19.02 19.02 1.86 19.02 36.18 33.32 56.20
16.16 93.38 33.32 30.46 50.48 76.22 7.58 24.74 36.18
93.38 33.32 30.46 7.58 19.02 33.32 87.66 61.92 56.20
93.38 36.18 30.46 76.22 84.80 16.16 4.72 33.32 33.32
93.38 30.46 76.22 36.18 76.22 16.16 16.16 7.58 33.32
93.38 16.16 7.58 36.18 90.52 24.74 84.80 16.16 36.18
96.24 87.66 50.48 76.22 81.94 16.16 53.34 19.02 33.32
96.24 87.66 50.48 76.22 81.94 16.16 53.34 19.02 33.32
101.96 19.02 36.18 87.66 33.32 70.50 7.58 39.04 39.04
93.38 4.72 36.18 16.16 33.32 16.16 36.18 87.66 84.80
101.96 19.02 36.18 90.52 33.32 79.08 7.58 19.02 41.90
101.96 79.08 10.44 7.58 41.90 16.16 4.72 1.86 4.72
79.08 7.58 19.02 41.90 56.20 7.58 33.32 16.16 33.32
101.96 19.02 36.18 87.66 84.80 16.16 7.58 19.02 41.90
93.38 87.66 7.58 36.18 84.80 50.48 21.88 33.32 16.16
101.96 90.52 50.48 87.66 19.02 1.86 19.02 33.32 33.32
93.38 33.32 16.16 33.32 90.52 84.80 16.16 19.02 36.18
96.24 87.66 36.18 36.18 1.86 36.18 19.02 36.18 16.16
96.24 90.52 7.58 61.92 19.02 33.32 33.32 16.16 36.18
96.24 90.52 7.58 19.02 33.32 70.50 81.94 19.02 36.18
96.24 79.08 7.58 19.02 33.32 16.16 7.58 36.18 33.32
16.16 93.38 33.32 16.16 33.32 90.52 39.04 39.04 76.22
96.24 79.08 7.58 19.02 33.32 16.16 33.32 33.32 36.18
96.24 90.52 39.04 76.22 30.46 76.22 19.02 16.16 19.02
101.96 87.66 33.32 16.16 19.02 33.32 70.50 76.22 56.20
96.24 87.66 33.32 36.18 81.94 59.06 19.02 70.50 76.22
16.16 96.24 87.66 7.58 33.32 36.18 7.58 24.74 33.32
101.96 90.52 50.48 19.02 70.50 76.22 7.58 36.18 84.80
101.96 87.66 36.18 16.16 39.04 1.86 39.04 79.08 36.18
96.24 79.08 50.48 87.66 70.50 76.22 16.16 81.94 16.16
93.38 4.72 36.18 79.08 7.58 19.02 33.32 16.16 33.32
96.24 87.66 50.48 61.92 19.02 16.16 53.34 19.02 33.32
101.96 90.52 7.58 24.74 33.32 16.16 7.58 33.32 79.08
101.96 90.52 19.02 16.16 7.58 84.80 36.18 33.32 79.08
93.38 33.32 90.52 50.48 16.16 21.88 36.18 87.66 81.94 56.20
93.38 33.32 16.16 36.18 30.46 76.22 53.34 33.32 70.50 33.32
101.96 30.46 50.48 76.22 7.58 33.32 33.32 16.16 7.58 36.18
96.24 90.52 50.48 93.38 90.52 19.02 33.32 16.16 33.32 19.02
93.38 90.52 84.80 16.16 7.58 33.32 16.16 81.94 33.32 36.18
70.50 24.74 36.18 96.24 87.66 36.18 56.20 87.66 70.50 76.22
87.66 50.48 76.22 7.58 33.32 16.16 53.34 19.02 33.32 33.32
96.24 90.52 53.34 19.02 33.32 16.16 53.34 33.32 16.16 33.32
96.24 30.46 50.48 76.22 70.50 76.22 16.16 33.32 1.86 33.32
96.24 90.52 16.16 7.58 84.80 36.18 70.50 33.32 33.32 36.18
96.24 90.52 7.58 19.02 33.32 16.16 36.18 16.16 19.02 36.18
96.24 90.52 7.58 61.92 7.58 19.02 33.32 33.32 30.46 76.22
96.24 79.08 7.58 19.02 33.32 16.16 33.32 70.50 39.04 39.04
96.24 79.08 101.96 7.58 36.18 79.08 84.80 7.58 19.02 33.32
93.38 36.18 1.86 36.18 30.46 50.48 56.20 87.66 81.94 16.16
93.38 33.32 16.16 7.58 33.32 16.16 33.32 87.66 36.18 84.80
96.24 90.52 16.16 33.32 90.52 59.06 19.02 16.16 19.02 33.32
96.24 90.52 7.58 33.32 16.16 7.58 33.32 1.86 7.58 33.32
96.24 90.52 7.58 19.02 33.32 16.16 7.58 33.32 16.16 39.04
101.96 30.46 50.48 76.22 7.58 19.02 33.32 16.16 7.58 33.32
96.24 90.52 81.94 70.50 41.90 87.66 16.16 7.58 33.32 33.32
96.24 90.52 7.58 33.32 56.20 16.16 7.58 36.18 33.32 84.80
101.96 19.02 33.32 30.46 7.58 33.32 33.32 16.16 4.72 33.32
7.58 33.32 16.16 93.38 33.32 30.46 76.22 7.58 19.02 33.32
101.96 90.52 7.58 33.32 16.16 36.18 16.16 36.18 84.80 19.02
101.96 19.02 33.32 30.46 36.18 56.20 87.66 16.16 16.16 7.58
93.38 33.32 16.16 33.32 90.52 19.02 16.16 21.88 19.02 36.18
93.38 19.02 33.32 16.16 7.58 33.32 90.52 7.58 33.32 33.32
96.24 90.52 4.72 36.18 16.16 7.58 19.02 33.32 16.16 33.32
101.96 19.02 36.18 16.16 7.58 33.32 87.66 56.20 84.80 84.80
101.96 30.46 36.18 76.22 76.22 7.58 19.02 33.32 33.32 16.16
56.20 16.16 36.18 96.24 90.52 16.16 7.58 33.32 16.16 41.90
16.16 93.38 90.52 30.46 33.32 36.18 87.66 53.34 19.02 36.18
16.16 93.38 33.32 87.66 39.04 39.04 90.52 84.80 16.16 36.18
93.38 33.32 90.52 39.04 39.04 79.08 64.78 16.16 19.02 36.18
101.96 56.20 90.52 7.58 33.32 33.32 19.02 33.32 87.66 56.20
96.24 90.52 7.58 19.02 33.32 16.16 7.58 33.32 36.18 33.32
93.38 33.32 90.52 50.48 76.22 7.58 33.32 16.16 36.18 33.32
96.24 90.52 7.58 33.32 16.16 7.58 19.02 36.18 16.16 39.04
96.24 30.46 76.22 84.80 16.16 7.58 33.32 16.16 33.32 33.32
96.24 87.66 36.18 56.20 87.66 16.16 7.58 36.18 16.16 36.18
93.38 33.32 16.16 33.32 90.52 39.04 39.04 33.32 16.16 19.02
93.38 33.32 16.16 36.18 87.66 7.58 39.04 36.18 79.08 16.16
96.24 87.66 39.04 36.18 16.16 33.32 36.18 81.94 36.18 16.16
93.38 19.02 19.02 33.32 90.52 39.04 33.32 33.32 84.80 70.50
96.24 30.46 53.34 33.32 33.32 16.16 53.34 1.86 53.34 36.18
96.24 79.08 7.58 19.02 36.18 87.66 16.16 7.58 33.32 33.32
93.38 33.32 16.16 33.32 79.08 61.92 33.32 16.16 19.02 33.32
101.96 56.20 30.46 7.58 19.02 33.32 76.22 19.02 70.50 76.22
93.38 33.32 87.66 36.18 87.66 70.50 76.22 96.24 90.52 56.20
93.38 33.32 16.16 7.58 19.02 33.32 90.52 84.80 16.16 36.18
96.24 90.52 7.58 33.32 33.32 16.16 7.58 39.04 39.04 79.08
101.96 56.20 16.16 7.58 33.32 41.90 87.66 90.52 39.04 36.18
93.38 33.32 16.16 7.58 33.32 16.16 33.32 87.66 36.18 84.80
101.96 79.08 7.58 19.02 33.32 16.16 19.02 19.02 33.32 79.08
93.38 19.02 33.32 84.80 16.16 53.34 36.18 87.66 36.18 87.66
101.96 19.02 36.18 16.16 36.18 87.66 10.44 79.08 70.50 76.22
96.24 30.46 39.04 39.04 76.22 16.16 33.32 1.86 33.32 36.18
101.96 19.02 36.18 87.66 19.02 7.58 33.32 19.02 70.50 33.32
101.96 19.02 36.18 16.16 33.32 87.66 84.80 19.02 16.16 39.04
93.38 33.32 30.46 76.22 84.80 16.16 7.58 19.02 16.16 33.32
101.96 19.02 56.20 87.66 33.32 33.32 79.08 16.16 19.02 33.32
93.38 36.18 16.16 7.58 33.32 76.22 53.34 36.18 16.16 33.32
96.24 87.66 4.72 19.02 36.18 70.50 76.22 19.02 36.18 19.02
96.24 87.66 19.02 36.18 87.66 70.50 76.22 33.32 33.32 16.16
96.24 87.66 19.02 81.94 1.86 81.94 16.16 36.18 84.80 16.16
93.38 33.32 16.16 36.18 87.66 53.34 36.18 16.16 16.16 33.32
93.38 4.72 36.18 30.46 7.58 19.02 33.32 33.32 81.94 36.18
96.24 56.20 90.52 7.58 33.32 87.66 16.16 81.94 16.16 33.32
96.24 87.66 7.58 4.72 36.18 16.16 33.32 36.18 16.16 39.04
93.38 36.18 16.16 7.58 84.80 33.32 30.46 76.22 7.58 19.02
96.24 90.52 19.02 19.02 33.32 87.66 16.16 33.32 16.16 39.04
101.96 19.02 33.32 36.18 79.08 39.04 39.04 76.22 16.16 39.04
101.96 87.66 19.02 36.18 16.16 7.58 39.04 87.66 53.34 36.18
93.38 33.32 30.46 76.22 84.80 70.50 76.22 7.58 36.18 79.08
93.38 33.32 90.52 7.58 33.32 76.22 84.80 16.16 7.58 33.32
93.38 33.32 16.16 33.32 90.52 84.80 70.50 19.02 19.02 33.32
16.16 93.38 33.32 16.16 33.32 87.66 36.18 84.80 84.80 56.20
93.38 36.18 16.16 36.18 87.66 19.02 36.18 19.02 70.50 76.22
93.38 36.18 16.16 19.02 36.18 81.94 36.18 87.66 56.20 19.02
101.96 79.08 50.48 56.20 76.22 64.78 10.44 79.08 7.58 33.32
93.38 36.18 16.16 36.18 87.66 19.02 36.18 19.02 70.50 76.22
93.38 36.18 16.16 19.02 36.18 81.94 36.18 87.66 56.20 19.02
96.24 90.52 7.58 33.32 16.16 7.58 33.32 16.16 19.02 33.32
96.24 90.52 4.72 36.18 16.16 84.80 33.32 16.16 84.80 33.32
96.24 87.66 7.58 4.72 19.02 36.18 16.16 19.02 19.02 33.32
76.22 4.72 33.32 36.18 87.66 36.18 70.50 33.32 53.34 36.18
101.96 30.46 7.58 33.32 56.20 76.22 16.16 7.58 39.04 33.32
93.38 19.02 19.02 33.32 36.18 90.52 7.58 33.32 81.94 16.16
96.24 90.52 7.58 33.32 16.16 33.32 87.66 50.48 70.50 76.22
96.24 90.52 7.58 19.02 33.32 16.16 36.18 16.16 19.02 36.18
93.38 30.46 76.22 84.80 16.16 7.58 33.32 33.32 16.16 36.18
96.24 90.52 7.58 33.32 16.16 19.02 21.88 16.16 7.58 33.32
101.96 90.52 39.04 87.66 7.58 33.32 16.16 36.18 1.86 36.18
99.10 33.32 79.08 16.16 19.02 36.18 16.16 39.04 39.04 4.72
93.38 90.52 56.20 84.80 19.02 16.16 7.58 33.32 16.16 36.18
96.24 90.52 7.58 33.32 33.32 16.16 33.32 16.16 19.02 36.18
101.96 90.52 7.58 19.02 33.32 33.32 56.20 19.02 16.16 33.32
96.24 79.08 101.96 7.58 33.32 16.16 33.32 56.20 79.08 33.32
96.24 90.52 7.58 39.04 16.16 33.32 70.50 7.58 39.04 33.32
93.38 36.18 16.16 36.18 79.08 61.92 16.16 7.58 36.18 36.18
96.24 79.08 101.96 7.58 33.32 16.16 33.32 56.20 79.08 33.32
93.38 33.32 16.16 33.32 16.16 7.58 19.02 33.32 90.52 36.18
93.38 90.52 84.80 7.58 24.74 33.32 16.16 50.48 7.58 33.32
101.96 30.46 50.48 76.22 7.58 19.02 33.32 16.16 53.34 33.32
101.96 30.46 7.58 36.18 84.80 16.16 7.58 33.32 84.80 16.16
93.38 33.32 16.16 7.58 81.94 84.80 16.16 39.04 39.04 16.16 4.72
101.96 19.02 36.18 56.20 87.66 96.24 36.18 16.16 7.58 36.18 84.80
93.38 33.32 16.16 7.58 36.18 33.32 56.20 90.52 70.50 76.22 84.80
93.38 33.32 16.16 36.18 16.16 4.72 87.66 19.02 16.16 7.58 33.32
93.38 4.72 36.18 84.80 16.16 36.18 87.66 84.80 16.16 7.58 33.32
93.38 4.72 36.18 87.66 7.58 33.32 16.16 7.58 33.32 16.16 33.32
101.96 81.94 70.50 7.58 33.32 30.46 76.22 19.02 36.18 76.22 84.80
101.96 19.02 21.88 19.02 36.18 79.08 16.16 33.32 16.16 19.02 36.18
56.20 16.16 39.04 93.38 4.72 19.02 36.18 30.46 36.18 76.22 70.50
93.38 81.94 36.18 87.66 84.80 70.50 76.22 7.58 33.32 16.16 33.32
93.38 33.32 30.46 76.22 16.16 7.58 36.18 87.66 84.80 59.06 56.20
16.16 96.24 87.66 19.02 19.02 36.18 79.08 16.16 19.02 36.18 87.66
96.24 90.52 70.50 7.58 33.32 33.32 16.16 7.58 33.32 90.52 84.80
101.96 56.20 90.52 50.48 76.22 70.50 76.22 7.58 33.32 16.16 33.32
93.38 33.32 79.08 39.04 33.32 16.16 16.16 50.48 79.08 7.58 33.32
93.38 33.32 16.16 19.02 19.02 36.18 61.92 56.20 84.80 39.04 33.32
16.16 93.38 33.32 90.52 7.58 33.32 87.66 33.32 16.16 33.32 33.32
96.24 90.52 39.04 39.04 76.22 33.32 33.32 16.16 16.16 53.34 33.32
16.16 93.38 33.32 16.16 33.32 87.66 76.22 76.22 1.86 76.22 33.32
93.38 19.02 33.32 79.08 39.04 76.22 16.16 4.72 39.04 39.04 36.18
96.24 79.08 7.58 39.04 33.32 16.16 101.96 50.48 79.08 7.58 36.18
101.96 79.08 7.58 33.32 16.16 33.32 87.66 53.34 33.32 16.16 33.32
101.96 19.02 36.18 16.16 33.32 36.18 87.66 41.90 76.22 7.58 33.32
93.38 33.32 33.32 90.52 101.96 33.32 1.86 19.02 33.32 87.66 84.80
16.16 93.38 19.02 33.32 87.66 24.74 33.32 36.18 16.16 39.04 76.22
101.96 19.02 36.18 30.46 7.58 33.32 16.16 7.58 39.04 39.04 33.32
93.38 4.72 36.18 79.08 7.58 33.32 16.16 19.02 36.18 87.66 70.50
96.24 79.08 36.18 84.80 70.50 76.22 16.16 36.18 16.16 50.48 79.08
16.16 93.38 33.32 30.46 7.58 33.32 33.32 1.86 76.22 87.66 84.80
99.10 36.18 79.08 33.32 33.32 33.32 39.04 76.22 16.16 7.58 36.18
101.96 19.02 36.18 79.08 84.80 16.16 7.58 39.04 39.04 39.04 39.04
93.38 87.66 84.80 16.16 33.32 16.16 7.58 33.32 16.16 39.04 84.80
96.24 30.46 7.58 33.32 33.32 87.66 16.16 53.34 1.86 53.34 33.32
96.24 90.52 7.58 24.74 33.32 70.50 76.22 53.34 33.32 70.50 76.22
93.38 33.32 16.16 36.18 87.66 7.58 7.58 33.32 33.32 33.32 56.20
96.24 30.46 56.20 76.22 16.16 7.58 33.32 101.96 50.48 90.52 84.80
96.24 30.46 7.58 19.02 33.32 33.32 16.16 56.20 84.80 56.20 19.02
93.38 33.32 90.52 7.58 33.32 16.16 19.02 101.96 81.94 7.58 33.32
93.38 36.18 56.20 79.08 33.32 36.18 16.16 7.58 39.04 16.16 39.04
101.96 79.08 36.18 1.86 36.18 84.80 16.16 7.58 4.72 33.32 36.18
93.38 33.32 16.16 33.32 79.08 1.86 39.04 39.04 1.86 39.04 39.04
96.24 90.52 7.58 33.32 84.80 70.50 76.22 33.32 16.16 7.58 33.32
96.24 90.52 7.58 19.02 33.32 36.18 16.16 7.58 39.04 76.22 19.02
16.16 93.38 33.32 19.02 16.16 7.58 39.04 30.46 7.58 33.32 87.66
81.94 70.50 7.58 33.32 93.38 30.46 76.22 53.34 33.32 16.16 33.32
93.38 4.72 36.18 84.80 16.16 36.18 87.66 84.80 16.16 7.58 33.32
96.24 90.52 7.58 19.02 33.32 36.18 16.16 7.58 39.04 76.22 19.02
16.16 93.38 33.32 19.02 16.16 7.58 39.04 30.46 7.58 33.32 87.66
101.96 56.20 90.52 50.48 76.22 16.16 7.58 33.32 70.50 76.22 36.18
101.96 30.46 7.58 19.02 33.32 16.16 36.18 76.22 84.80 16.16 33.32
93.38 33.32 79.08 39.04 56.20 76.22 16.16 53.34 19.02 76.22 79.08
16.16 93.38 33.32 79.08 39.04 56.20 79.08 33.32 19.02 84.80 33.32
101.96 19.02 36.18 87.66 7.58 36.18 61.92 19.02 33.32 36.18 81.94
16.16 93.38 4.72 36.18 90.52 7.58 33.32 76.22 36.18 16.16 36.18
16.16 93.38 4.72 36.18 90.52 7.58 33.32 76.22 36.18 16.16 36.18
101.96 56.20 90.52 7.58 19.02 33.32 33.32 70.50 39.04 39.04 76.22
16.16 39.04 39.04 90.52 70.50 76.22 33.32 93.38 30.46 50.48 76.22
93.38 33.32 16.16 36.18 90.52 7.58 33.32 76.22 53.34 36.18 84.80
101.96 90.52 50.48 56.20 19.02 16.16 36.18 70.50 76.22 7.58 36.18
93.38 33.32 16.16 19.02 33.32 90.52 84.80 16.16 7.58 33.32 33.32
101.96 19.02 33.32 79.08 7.58 39.04 33.32 33.32 87.66 16.16 4.72
101.96 19.02 19.02 33.32 36.18 87.66 84.80 33.32 16.16 39.04 39.04
16.16 4.72 101.96 19.02 36.18 16.16 33.32 79.08 84.80 16.16 39.04
101.96 56.20 16.16 7.58 36.18 33.32 33.32 90.52 84.80 16.16 39.04
81.94 70.50 7.58 33.32 93.38 30.46 76.22 53.34 33.32 16.16 33.32
96.24 87.66 7.58 36.18 84.80 70.50 76.22 36.18 19.02 33.32 33.32
96.24 90.52 7.58 33.32 33.32 87.66 70.50 76.22 7.58 19.02 33.32
96.24 90.52 7.58 33.32 33.32 70.50 76.22 50.48 16.16 7.58 33.32
93.38 33.32 16.16 7.58 36.18 79.08 81.94 84.80 16.16 84.80 33.32
96.24 90.52 39.04 39.04 76.22 16.16 101.96 50.48 87.66 81.94 36.18
101.96 79.08 39.04 7.58 19.02 33.32 16.16 33.32 16.16 7.58 39.04
93.38 4.72 36.18 87.66 84.80 64.78 16.16 33.32 16.16 7.58 33.32
33.32 90.52 7.58 33.32 16.16 33.32 96.24 90.52 50.48 16.16 33.32
96.24 87.66 36.18 76.22 70.50 76.22 56.20 56.20 16.16 84.80 36.18
101.96 90.52 50.48 21.88 70.50 76.22 7.58 33.32 16.16 7.58 33.32
50.48 30.46 76.22 16.16 7.58 33.32 93.38 33.32 33.32 90.52 96.24
96.24 87.66 50.48 84.80 70.50 76.22 16.16 50.48 76.22 53.34 36.18
16.16 93.38 4.72 36.18 90.52 7.58 33.32 76.22 36.18 16.16 36.18
16.16 93.38 4.72 36.18 90.52 7.58 33.32 76.22 36.18 16.16 36.18
93.38 33.32 36.18 87.66 84.80 16.16 33.32 36.18 16.16 7.58 39.04
101.96 79.08 39.04 39.04 84.80 7.58 33.32 16.16 93.38 39.04 79.08
93.38 33.32 16.16 33.32 90.52 56.20 56.20 76.22 7.58 19.02 33.32
101.96 19.02 36.18 87.66 50.48 76.22 16.16 101.96 36.18 87.66 33.32
96.24 87.66 50.48 76.22 90.52 7.58 24.74 33.32 70.50 76.22 33.32
96.24 87.66 50.48 76.22 90.52 7.58 24.74 33.32 70.50 76.22 33.32
101.96 87.66 7.58 36.18 87.66 33.32 16.16 7.58 33.32 16.16 33.32
96.24 90.52 7.58 33.32 87.66 16.16 101.96 21.88 36.18 87.66 33.32
96.24 90.52 7.58 33.32 16.16 36.18 70.50 76.22 7.58 19.02 33.32
101.96 79.08 7.58 39.04 39.04 39.04 76.22 7.58 41.90 39.04 39.04
93.38 4.72 36.18 87.66 84.80 33.32 81.94 84.80 16.16 7.58 33.32
36.18 90.52 56.20 19.02 16.16 81.94 7.58 33.32 16.16 19.02 36.18
93.38 33.32 90.52 19.02 16.16 7.58 36.18 16.16 33.32 1.86 33.32
93.38 33.32 90.52 39.04 76.22 16.16 7.58 36.18 16.16 19.02 33.32
93.38 79.08 7.58 33.32 16.16 19.02 36.18 16.16 7.58 19.02 36.18
93.38 33.32 16.16 33.32 33.32 79.08 7.58 19.02 4.72 56.20 84.80
93.38 33.32 16.16 36.18 1.86 36.18 87.66 36.18 87.66 16.16 33.32
101.96 87.66 30.46 33.32 36.18 87.66 56.20 56.20 81.94 16.16 33.32
101.96 90.52 7.58 33.32 33.32 16.16 7.58 19.02 33.32 33.32 79.08
93.38 19.02 33.32 90.52 84.80 53.34 33.32 16.16 19.02 33.32 33.32
96.24 90.52 7.58 33.32 16.16 7.58 19.02 33.32 16.16 36.18 33.32
101.96 30.46 7.58 33.32 16.16 33.32 7.58 33.32 90.52 56.20 84.80 16.16
96.24 30.46 76.22 56.20 19.02 16.16 7.58 33.32 36.18 87.66 70.50 33.32
76.22 4.72 33.32 101.96 36.18 87.66 19.02 70.50 76.22 16.16 39.04 39.04
93.38 81.94 70.50 7.58 33.32 90.52 7.58 19.02 33.32 16.16 33.32 79.08
96.24 30.46 36.18 99.10 36.18 87.66 7.58 33.32 16.16 4.72 33.32 87.66
16.16 16.16 7.58 36.18 101.96 19.02 87.66 64.78 36.18 16.16 19.02 36.18
101.96 87.66 61.92 16.16 7.58 81.94 19.02 36.18 16.16 39.04 36.18 16.16
93.38 33.32 79.08 56.20 76.22 50.48 16.16 7.58 33.32 70.50 76.22 50.48
96.24 90.52 84.80 16.16 33.32 90.52 84.80 84.80 16.16 7.58 19.02 36.18
16.16 81.94 7.58 33.32 93.38 30.46 7.58 33.32 87.66 7.58 33.32 16.16
93.38 33.32 16.16 19.02 33.32 79.08 84.80 70.50 76.22 70.50 33.32 36.18
93.38 81.94 36.18 87.66 84.80 70.50 76.22 96.24 7.58 19.02 33.32 90.52
101.96 30.46 7.58 36.18 87.66 53.34 36.18 16.16 7.58 39.04 39.04 33.32
16.16 33.32 70.50 33.32 36.18 96.24 90.52 39.04 76.22 70.50 76.22 36.18
96.24 90.52 7.58 33.32 76.22 16.16 7.58 33.32 90.52 56.20 76.22 36.18
16.16 7.58 36.18 33.32 93.38 33.32 30.46 36.18 70.50 7.58 33.32 33.32
96.24 90.52 7.58 61.92 19.02 33.32 16.16 19.02 33.32 36.18 1.86 36.18
93.38 33.32 16.16 36.18 30.46 36.18 16.16 7.58 33.32 16.16 19.02 36.18
93.38 19.02 33.32 90.52 39.04 76.22 33.32 70.50 81.94 70.50 7.58 33.32
101.96 19.02 36.18 87.66 84.80 16.16 19.02 33.32 70.50 84.80 16.16 33.32
96.24 30.46 76.22 39.04 33.32 36.18 16.16 33.32 33.32 81.94 70.50 39.04
96.24 79.08 7.58 61.92 19.02 33.32 70.50 7.58 19.02 33.32 33.32 33.32
16.16 33.32 1.86 19.02 33.32 93.38 33.32 90.52 7.58 33.32 33.32 33.32
93.38 4.72 19.02 36.18 79.08 19.02 36.18 87.66 70.50 76.22 53.34 33.32
96.24 79.08 7.58 19.02 36.18 87.66 70.50 76.22 53.34 33.32 33.32 16.16
56.20 16.16 81.94 96.24 56.20 30.46 19.02 36.18 87.66 84.80 33.32 16.16
93.38 33.32 16.16 7.58 33.32 79.08 7.58 33.32 16.16 7.58 4.72 33.32
96.24 87.66 7.58 36.18 1.86 33.32 87.66 7.58 90.52 19.02 70.50 36.18
16.16 101.96 56.20 90.52 7.58 39.04 39.04 33.32 16.16 7.58 39.04 39.04
96.24 87.66 36.18 76.22 70.50 76.22 1.86 76.22 16.16 16.16 33.32 4.72
101.96 30.46 50.48 76.22 7.58 33.32 70.50 76.22 16.16 7.58 33.32 33.32
93.38 33.32 30.46 50.48 76.22 70.50 76.22 7.58 33.32 16.16 33.32 36.18
81.94 70.50 7.58 33.32 93.38 30.46 53.34 33.32 33.32 16.16 70.50 50.48
93.38 33.32 16.16 36.18 79.08 7.58 7.58 33.32 33.32 33.32 16.16 4.72
96.24 30.46 76.22 16.16 7.58 36.18 93.38 30.46 76.22 16.16 7.58 33.32
93.38 33.32 30.46 76.22 50.48 96.24 70.50 76.22 16.16 7.58 19.02 33.32
101.96 19.02 36.18 90.52 7.58 19.02 33.32 76.22 16.16 50.48 90.52 84.80
96.24 87.66 7.58 36.18 84.80 70.50 76.22 16.16 50.48 87.66 16.16 33.32
93.38 33.32 16.16 7.58 33.32 79.08 7.58 24.74 33.32 33.32 16.16 33.32
93.38 4.72 36.18 87.66 7.58 33.32 1.86 33.32 16.16 7.58 33.32 16.16
81.94 70.50 7.58 33.32 93.38 33.32 90.52 84.80 1.86 84.80 16.16 36.18
93.38 33.32 16.16 36.18 87.66 56.20 1.86 76.22 1.86 76.22 7.58 33.32
93.38 16.16 7.58 36.18 90.52 84.80 56.20 16.16 81.94 84.80 16.16 33.32
96.24 90.52 7.58 19.02 33.32 16.16 33.32 16.16 33.32 16.16 19.02 36.18
96.24 30.46 76.22 61.92 56.20 16.16 19.02 19.02 36.18 16.16 81.94 36.18
96.24 90.52 84.80 70.50 76.22 7.58 33.32 53.34 33.32 16.16 7.58 33.32
96.24 90.52 4.72 33.32 84.80 70.50 76.22 7.58 36.18 87.66 56.20 76.22
101.96 56.20 79.08 39.04 39.04 76.22 16.16 53.34 19.02 33.32 16.16 39.04
96.24 90.52 33.32 76.22 7.58 90.52 50.48 56.20 19.02 16.16 19.02 36.18
96.24 79.08 53.34 36.18 87.66 21.88 16.16 84.80 70.50 36.18 7.58 36.18
93.38 30.46 36.18 76.22 16.16 7.58 33.32 16.16 7.58 39.04 19.02 33.32
96.24 90.52 7.58 33.32 87.66 16.16 36.18 19.02 16.16 7.58 36.18 56.20
93.38 33.32 16.16 36.18 56.20 87.66 7.58 19.02 33.32 93.38 90.52 84.80
96.24 90.52 7.58 33.32 16.16 7.58 81.94 33.32 16.16 7.58 33.32 33.32
96.24 79.08 70.50 39.04 39.04 16.16 7.58 19.02 33.32 16.16 7.58 36.18
101.96 79.08 7.58 19.02 19.02 33.32 33.32 84.80 16.16 39.04 39.04 39.04
101.96 79.08 7.58 19.02 39.04 33.32 1.86 33.32 33.32 84.80 16.16 4.72
93.38 33.32 16.16 33.32 36.18 16.16 7.58 33.32 76.22 16.16 7.58 33.32
93.38 33.32 16.16 7.58 33.32 90.52 19.02 70.50 7.58 36.18 39.04 13.30
96.24 90.52 19.02 16.16 81.94 7.58 33.32 16.16 7.58 33.32 90.52 84.80
93.38 36.18 16.16 7.58 33.32 33.32 87.66 7.58 36.18 81.94 53.34 33.32
93.38 19.02 33.32 79.08 7.58 24.74 33.32 16.16 36.18 16.16 7.58 33.32
16.16 93.38 33.32 79.08 61.92 36.18 87.66 70.50 76.22 53.34 19.02 33.32
93.38 36.18 87.66 56.20 84.80 7.58 33.32 33.32 16.16 39.04 33.32 36.18
101.96 79.08 7.58 33.32 93.38 79.08 16.16 4.72 56.20 84.80 7.58 33.32
96.24 90.52 7.58 33.32 16.16 7.58 24.74 33.32 84.80 16.16 7.58 33.32
96.24 30.46 61.92 19.02 33.32 16.16 7.58 33.32 16.16 81.94 36.18 36.18
96.24 90.52 19.02 16.16 7.58 33.32 16.16 33.32 16.16 7.58 39.04 39.04
93.38 4.72 36.18 87.66 81.94 84.80 70.50 76.22 33.32 16.16 33.32 33.32
70.50 96.24 90.52 7.58 33.32 16.16 19.02 33.32 16.16 19.02 36.18 84.80
81.94 70.50 7.58 33.32 96.24 1.86 96.24 79.08 36.18 16.16 7.58 4.72
16.16 96.24 30.46 7.58 33.32 84.80 16.16 81.94 19.02 36.18 76.22 84.80
33.32 70.50 76.22 53.34 96.24 30.46 76.22 53.34 33.32 70.50 76.22 19.02
93.38 4.72 36.18 79.08 84.80 70.50 76.22 7.58 33.32 16.16 7.58 33.32
101.96 19.02 33.32 30.46 76.22 84.80 56.20 16.16 33.32 79.08 56.20 84.80
93.38 19.02 33.32 90.52 101.96 7.58 33.32 30.46 76.22 16.16 7.58 33.32
16.16 93.38 4.72 36.18 90.52 7.58 33.32 19.02 70.50 7.58 19.02 33.32
19.02 36.18 87.66 56.20 19.02 16.16 50.48 87.66 7.58 33.32 16.16 96.24
93.38 33.32 90.52 84.80 101.96 7.58 33.32 76.22 53.34 33.32 70.50 39.04
96.24 79.08 19.02 36.18 87.66 33.32 33.32 16.16 16.16 81.94 16.16 33.32
93.38 33.32 16.16 33.32 33.32 90.52 84.80 70.50 76.22 7.58 61.92 19.02
101.96 19.02 33.32 79.08 84.80 16.16 7.58 24.74 33.32 16.16 19.02 36.18
96.24 90.52 84.80 70.50 76.22 7.58 33.32 53.34 33.32 16.16 7.58 33.32
16.16 93.38 4.72 36.18 87.66 7.58 24.74 19.02 33.32 36.18 87.66 33.32
96.24 30.46 56.20 36.18 87.66 16.16 33.32 70.50 76.22 7.58 39.04 33.32
93.38 16.16 7.58 36.18 90.52 84.80 56.20 16.16 81.94 84.80 16.16 33.32
81.94 70.50 36.18 16.16 96.24 36.18 30.46 50.48 76.22 16.16 7.58 33.32
93.38 4.72 19.02 36.18 87.66 70.50 16.16 36.18 87.66 19.02 1.86 56.20
93.38 33.32 16.16 33.32 87.66 36.18 96.24 30.46 56.20 76.22 56.20 87.66
96.24 30.46 76.22 33.32 16.16 84.80 36.18 1.86 33.32 36.18 16.16 36.18
81.94 70.50 33.32 16.16 96.24 36.18 30.46 50.48 76.22 16.16 7.58 33.32
93.38 4.72 19.02 36.18 87.66 70.50 16.16 36.18 87.66 19.02 1.86 56.20
93.38 33.32 16.16 33.32 87.66 36.18 96.24 30.46 56.20 76.22 56.20 87.66
96.24 30.46 76.22 33.32 16.16 84.80 36.18 1.86 33.32 36.18 16.16 36.18
93.38 4.72 36.18 16.16 36.18 87.66 56.20 84.80 33.32 16.16 16.16 36.18
101.96 30.46 50.48 76.22 84.80 16.16 7.58 81.94 33.32 16.16 19.02 36.18
16.16 19.02 36.18 16.16 33.32 96.24 79.08 36.18 76.22 36.18 70.50 76.22
81.94 70.50 39.04 39.04 93.38 30.46 76.22 84.80 101.96 81.94 7.58 33.32
101.96 56.20 90.52 39.04 33.32 19.02 36.18 33.32 84.80 16.16 19.02 33.32
96.24 30.46 76.22 50.48 16.16 7.58 36.18 50.48 30.46 76.22 16.16 33.32
96.24 90.52 7.58 33.32 16.16 7.58 33.32 93.38 90.52 33.32 16.16 81.94
16.16 93.38 19.02 36.18 79.08 7.58 19.02 36.18 16.16 33.32 36.18 84.80
16.16 93.38 33.32 87.66 36.18 19.02 36.18 87.66 70.50 76.22 7.58 33.32
93.38 19.02 33.32 16.16 7.58 33.32 30.46 76.22 7.58 36.18 50.48 90.52
96.24 90.52 7.58 33.32 16.16 7.58 33.32 93.38 90.52 33.32 16.16 81.94
16.16 93.38 19.02 36.18 79.08 7.58 19.02 36.18 16.16 33.32 36.18 84.80
93.38 33.32 16.16 7.58 36.18 33.32 33.32 90.52 84.80 16.16 19.02 33.32
93.38 33.32 16.16 33.32 90.52 84.80 61.92 33.32 16.16 19.02 33.32 33.32
93.38 36.18 16.16 33.32 79.08 61.92 16.16 7.58 19.02 36.18 87.66 70.50 33.32
101.96 56.20 30.46 50.48 76.22 16.16 7.58 84.80 33.32 16.16 84.80 39.04 39.04
96.24 90.52 7.58 33.32 87.66 70.50 76.22 16.16 90.52 7.58 33.32 16.16 36.18
101.96 30.46 7.58 19.02 33.32 33.32 33.32 76.22 84.80 16.16 33.32 70.50 36.18
96.24 87.66 36.18 76.22 70.50 76.22 16.16 50.48 30.46 76.22 16.16 7.58 33.32
93.38 33.32 79.08 7.58 36.18 87.66 101.96 50.48 79.08 84.80 7.58 33.32 33.32
96.24 79.08 56.20 76.22 16.16 33.32 79.08 59.06 19.02 16.16 33.32 1.86 36.18
101.96 19.02 36.18 79.08 10.44 16.16 7.58 56.20 84.80 33.32 16.16 7.58 39.04
96.24 90.52 70.50 33.32 33.32 16.16 7.58 33.32 101.96 50.48 90.52 19.02 33.32
101.96 30.46 7.58 19.02 33.32 16.16 7.58 33.32 81.94 7.58 33.32 84.80 19.02
16.16 33.32 70.50 33.32 93.38 81.94 33.32 90.52 7.58 19.02 33.32 16.16 33.32
93.38 33.32 33.32 90.52 36.18 81.94 7.58 19.02 50.48 87.66 56.20 84.80 16.16
96.24 90.52 7.58 33.32 33.32 33.32 70.50 76.22 7.58 33.32 16.16 33.32 33.32
93.38 33.32 16.16 19.02 36.18 56.20 79.08 70.50 7.58 33.32 16.16 19.02 33.32
16.16 93.38 33.32 90.52 33.32 84.80 70.50 76.22 7.58 33.32 16.16 81.94 33.32
93.38 33.32 16.16 36.18 90.52 39.04 76.22 70.50 76.22 16.16 7.58 19.02 33.32
96.24 90.52 70.50 76.22 16.16 7.58 19.02 33.32 16.16 81.94 36.18 16.16 39.04
96.24 30.46 76.22 84.80 16.16 7.58 33.32 79.08 84.80 16.16 7.58 39.04 33.32
96.24 90.52 7.58 19.02 33.32 90.52 16.16 7.58 19.02 33.32 39.04 39.04 33.32
93.38 19.02 33.32 79.08 7.58 33.32 16.16 36.18 16.16 33.32 16.16 19.02 19.02
99.10 33.32 16.16 19.02 33.32 33.32 79.08 39.04 76.22 1.86 79.08 70.50 76.22
96.24 79.08 39.04 76.22 81.94 7.58 33.32 16.16 7.58 36.18 79.08 70.50 50.48
70.50 7.58 33.32 16.16 7.58 33.32 50.48 79.08 96.24 50.48 30.46 76.22 50.48
96.24 30.46 50.48 76.22 70.50 76.22 16.16 50.48 87.66 4.72 33.32 16.16 33.32
93.38 19.02 33.32 79.08 84.80 84.80 70.50 7.58 33.32 70.50 76.22 33.32 81.94
93.38 33.32 16.16 33.32 79.08 7.58 33.32 16.16 7.58 33.32 16.16 7.58 39.04
16.16 93.38 33.32 79.08 7.58 33.32 16.16 7.58 33.32 90.52 84.80 16.16 84.80
101.96 19.02 30.46 50.48 76.22 16.16 50.48 30.46 76.22 33.32 87.66 70.50 76.22
16.16 7.58 39.04 33.32 16.16 93.38 33.32 79.08 7.58 24.74 33.32 84.80 84.80
56.20 16.16 33.32 1.86 36.18 93.38 33.32 16.16 33.32 90.52 7.58 33.32 33.32
96.24 90.52 16.16 33.32 30.46 76.22 7.58 59.06 19.02 33.32 16.16 19.02 33.32
93.38 33.32 16.16 36.18 87.66 84.80 16.16 7.58 33.32 16.16 19.02 33.32 36.18
96.24 79.08 16.16 36.18 87.66 7.58 33.32 16.16 7.58 36.18 16.16 19.02 36.18
93.38 33.32 61.92 90.52 7.58 19.02 19.02 33.32 16.16 7.58 19.02 4.72 36.18
93.38 36.18 56.20 76.22 33.32 16.16 7.58 33.32 16.16 19.02 33.32 33.32 33.32
16.16 101.96 19.02 79.08 7.58 36.18 33.32 76.22 16.16 7.58 4.72 39.04 41.90
16.16 39.04 33.32 16.16 96.24 33.32 16.16 33.32 79.08 7.58 33.32 19.02 84.80
93.38 33.32 16.16 36.18 16.16 19.02 19.02 36.18 87.66 39.04 36.18 81.94 16.16
93.38 79.08 70.50 76.22 16.16 33.32 70.50 33.32 16.16 7.58 36.18 30.46 76.22
93.38 33.32 16.16 33.32 90.52 7.58 56.20 19.02 33.32 70.50 81.94 16.16 33.32
101.96 56.20 90.52 7.58 33.32 33.32 70.50 39.04 39.04 33.32 16.16 7.58 33.32
96.24 87.66 7.58 39.04 56.20 76.22 16.16 36.18 16.16 19.02 36.18 56.20 87.66
101.96 19.02 16.16 7.58 19.02 36.18 1.86 76.22 53.34 19.02 56.20 16.16 39.04
101.96 19.02 36.18 87.66 56.20 84.80 16.16 7.58 33.32 33.32 16.16 39.04 33.32
93.38 33.32 90.52 84.80 16.16 7.58 33.32 16.16 33.32 16.16 36.18 16.16 33.32
93.38 4.72 36.18 87.66 84.80 16.16 7.58 33.32 16.16 7.58 36.18 19.02 33.32
93.38 4.72 36.18 70.50 76.22 76.22 7.58 33.32 90.52 7.58 33.32 33.32 16.16
16.16 50.48 87.66 76.22 33.32 56.20 96.24 30.46 50.48 76.22 64.78 33.32 16.16
81.94 70.50 7.58 33.32 96.24 79.08 7.58 19.02 33.32 16.16 33.32 16.16 33.32
93.38 36.18 16.16 33.32 79.08 61.92 16.16 7.58 19.02 36.18 87.66 70.50 33.32
16.16 101.96 19.02 79.08 7.58 36.18 33.32 76.22 16.16 7.58 4.72 39.04 41.90
96.24 30.46 76.22 1.86 76.22 7.58 33.32 33.32 16.16 33.32 30.46 76.22 84.80
101.96 90.52 4.72 16.16 7.58 24.74 36.18 16.16 19.02 33.32 36.18 16.16 39.04
93.38 36.18 16.16 36.18 16.16 53.34 33.32 87.66 36.18 87.66 70.50 76.22 16.16
101.96 19.02 36.18 16.16 33.32 33.32 30.46 56.20 76.22 84.80 16.16 33.32 33.32
90.52 7.58 33.32 16.16 19.02 33.32 1.86 7.58 33.32 16.16 33.32 56.20 84.80
96.24 90.52 7.58 33.32 16.16 81.94 7.58 33.32 101.96 7.58 33.32 90.52 19.02
96.24 79.08 16.16 36.18 87.66 7.58 33.32 16.16 7.58 36.18 16.16 19.02 36.18
101.96 90.52 39.04 39.04 81.94 19.02 33.32 59.06 16.16 7.58 19.02 33.32 90.52
16.16 39.04 93.38 33.32 79.08 84.80 70.50 7.58 33.32 16.16 33.32 1.86 33.32
16.16 93.38 33.32 16.16 7.58 33.32 87.66 36.18 56.20 87.66 7.58 33.32 33.32
81.94 70.50 39.04 39.04 93.38 33.32 16.16 33.32 87.66 36.18 76.22 101.96 81.94
56.20 56.20 16.16 81.94 21.88 101.96 90.52 7.58 19.02 33.32 16.16 36.18 19.02
93.38 33.32 16.16 33.32 30.46 50.48 76.22 16.16 53.34 36.18 19.02 70.50 33.32
76.22 4.72 16.16 4.72 36.18 93.38 56.20 76.22 33.32 16.16 7.58 36.18 33.32
96.24 30.46 76.22 16.16 19.02 36.18 16.16 21.88 36.18 79.08 53.34 19.02 36.18 56.20
93.38 79.08 7.58 36.18 16.16 7.58 84.80 33.32 16.16 7.58 36.18 16.16 7.58 33.32
93.38 36.18 16.16 7.58 19.02 36.18 87.66 50.48 76.22 81.94 16.16 7.58 19.02 33.32
39.04 36.18 76.22 84.80 16.16 33.32 101.96 87.66 33.32 36.18 87.66 70.50 76.22 84.80
93.38 90.52 7.58 24.74 33.32 33.32 16.16 50.48 87.66 70.50 76.22 19.02 33.32 56.20
93.38 33.32 16.16 19.02 33.32 84.80 16.16 81.94 7.58 19.02 33.32 16.16 19.02 33.32
101.96 81.94 79.08 19.02 96.24 79.08 50.48 76.22 53.34 33.32 16.16 33.32 70.50 76.22
93.38 56.20 16.16 33.32 79.08 7.58 36.18 16.16 7.58 33.32 16.16 4.72 36.18 16.16
93.38 4.72 36.18 90.52 39.04 39.04 76.22 70.50 76.22 84.80 84.80 4.72 36.18 16.16
93.38 4.72 36.18 87.66 84.80 70.50 7.58 19.02 33.32 16.16 7.58 33.32 16.16 36.18
101.96 90.52 50.48 19.02 70.50 76.22 7.58 33.32 16.16 33.32 16.16 33.32 16.16 39.04
93.38 33.32 16.16 36.18 87.66 36.18 56.20 81.94 16.16 33.32 33.32 16.16 19.02 36.18
93.38 33.32 16.16 19.02 33.32 87.66 36.18 76.22 56.20 84.80 16.16 7.58 39.04 33.32
93.38 30.46 7.58 41.90 33.32 33.32 76.22 7.58 33.32 16.16 81.94 70.50 76.22 16.16
96.24 87.66 7.58 36.18 16.16 7.58 19.02 33.32 56.20 84.80 16.16 19.02 33.32 84.80
101.96 81.94 70.50 7.58 33.32 30.46 36.18 84.80 16.16 56.20 19.02 33.32 76.22 84.80
96.24 79.08 7.58 33.32 56.20 84.80 70.50 76.22 70.50 7.58 19.02 33.32 39.04 79.08
93.38 33.32 16.16 7.58 39.04 39.04 39.04 39.04 90.52 70.50 76.22 36.18 19.02 33.32
101.96 90.52 7.58 19.02 33.32 33.32 39.04 39.04 39.04 16.16 39.04 16.16 7.58 33.32
96.24 90.52 7.58 33.32 16.16 4.72 33.32 33.32 70.50 7.58 19.02 16.16 7.58 33.32
96.24 90.52 7.58 33.32 16.16 7.58 33.32 93.38 90.52 56.20 84.80 16.16 7.58 33.32
96.24 90.52 7.58 36.18 19.02 33.32 70.50 7.58 19.02 33.32 16.16 7.58 33.32 33.32
96.24 30.46 39.04 36.18 16.16 70.50 76.22 19.02 70.50 76.22 70.50 76.22 36.18 33.32
96.24 87.66 36.18 76.22 70.50 76.22 16.16 50.48 30.46 76.22 16.16 7.58 39.04 33.32
96.24 87.66 36.18 16.16 7.58 33.32 1.86 36.18 16.16 7.58 19.02 33.32 56.20 87.66
96.24 90.52 7.58 24.74 33.32 16.16 33.32 19.02 36.18 30.46 76.22 81.94 70.50 39.04
101.96 30.46 50.48 76.22 19.02 16.16 36.18 16.16 39.04 70.50 76.22 36.18 16.16 39.04
81.94 70.50 7.58 19.02 33.32 96.24 79.08 33.32 30.46 76.22 50.48 56.20 101.96 81.94
16.16 93.38 33.32 79.08 33.32 36.18 84.80 16.16 7.58 19.02 36.18 70.50 19.02 33.32
101.96 56.20 16.16 7.58 33.32 16.16 39.04 90.52 84.80 16.16 36.18 16.16 53.34 36.18
93.38 56.20 56.20 16.16 33.32 1.86 79.08 33.32 36.18 50.48 56.20 16.16 19.02 36.18
16.16 7.58 33.32 93.38 33.32 16.16 7.58 33.32 30.46 76.22 16.16 36.18 79.08 19.02
16.16 7.58 33.32 93.38 33.32 16.16 7.58 33.32 30.46 76.22 16.16 36.18 79.08 19.02
93.38 19.02 33.32 90.52 81.94 33.32 16.16 7.58 19.02 16.16 33.32 1.86 33.32 33.32
93.38 33.32 90.52 84.80 16.16 7.58 19.02 36.18 16.16 7.58 33.32 84.80 16.16 33.32
93.38 19.02 33.32 30.46 76.22 19.02 16.16 81.94 53.34 19.02 36.18 81.94 70.50 39.04
81.94 70.50 39.04 39.04 93.38 36.18 87.66 36.18 61.92 19.02 16.16 7.58 19.02 33.32
16.16 93.38 33.32 16.16 33.32 79.08 39.04 39.04 76.22 21.88 36.18 16.16 53.34 33.32
96.24 90.52 7.58 33.32 84.80 70.50 7.58 36.18 16.16 33.32 33.32 1.86 84.80 36.18
93.38 33.32 90.52 39.04 39.04 76.22 70.50 76.22 36.18 16.16 19.02 1.86 19.02 33.32
93.38 33.32 16.16 33.32 16.16 7.58 33.32 33.32 87.66 36.18 19.02 30.46 76.22 33.32
96.24 90.52 39.04 39.04 76.22 36.18 19.02 33.32 33.32 70.50 101.96 81.94 33.32 36.18
101.96 79.08 50.48 76.22 70.50 76.22 19.02 70.50 76.22 19.02 33.32 16.16 19.02 36.18
96.24 79.08 36.18 76.22 70.50 76.22 64.78 33.32 16.16 50.48 70.50 7.58 19.02 33.32
96.24 90.52 7.58 33.32 16.16 7.58 19.02 33.32 93.38 90.52 81.94 33.32 16.16 39.04
93.38 33.32 24.74 90.52 7.58 36.18 33.32 70.50 39.04 39.04 33.32 16.16 19.02 33.32 36.18
96.24 90.52 19.02 16.16 7.58 19.02 33.32 33.32 93.38 90.52 84.80 84.80 16.16 39.04 39.04
93.38 16.16 7.58 87.66 59.06 19.02 70.50 50.48 33.32 16.16 33.32 36.18 1.86 81.94 36.18
96.24 90.52 7.58 33.32 16.16 36.18 93.38 87.66 1.86 19.02 33.32 1.86 19.02 33.32 33.32
93.38 33.32 16.16 33.32 90.52 84.80 16.16 33.32 84.80 16.16 7.58 33.32 16.16 7.58 33.32
93.38 19.02 33.32 79.08 7.58 33.32 16.16 19.02 79.08 16.16 7.58 33.32 16.16 19.02 33.32
16.16 24.74 101.96 19.02 90.52 84.80 16.16 7.58 19.02 19.02 70.50 76.22 7.58 19.02 33.32
93.38 33.32 79.08 84.80 70.50 76.22 36.18 70.50 76.22 7.58 33.32 16.16 33.32 16.16 36.18
93.38 4.72 36.18 79.08 7.58 33.32 56.20 70.50 76.22 7.58 19.02 33.32 16.16 7.58 33.32
96.24 90.52 7.58 19.02 33.32 16.16 7.58 33.32 33.32 93.38 90.52 84.80 16.16 7.58 33.32
96.24 79.08 84.80 16.16 53.34 33.32 84.80 36.18 79.08 56.20 19.02 56.20 70.50 76.22 50.48
93.38 33.32 16.16 36.18 90.52 19.02 16.16 7.58 19.02 36.18 16.16 7.58 33.32 16.16 33.32
81.94 70.50 7.58 33.32 93.38 33.32 90.52 56.20 81.94 84.80 16.16 36.18 81.94 19.02 36.18
16.16 93.38 33.32 16.16 33.32 90.52 33.32 33.32 16.16 36.18 84.80 84.80 16.16 39.04 39.04
16.16 33.32 70.50 33.32 33.32 93.38 19.02 33.32 16.16 33.32 30.46 76.22 36.18 16.16 33.32
16.16 39.04 39.04 90.52 7.58 33.32 90.52 84.80 50.48 56.20 56.20 96.24 30.46 50.48 76.22
101.96 19.02 33.32 90.52 7.58 19.02 33.32 16.16 39.04 56.20 87.66 16.16 7.58 33.32 33.32
93.38 33.32 16.16 36.18 90.52 19.02 16.16 7.58 19.02 36.18 16.16 7.58 33.32 16.16 33.32
101.96 56.20 16.16 7.58 33.32 16.16 39.04 81.94 16.16 1.86 16.16 90.52 16.16 7.58 33.32
76.22 4.72 33.32 36.18 93.38 30.46 76.22 7.58 33.32 16.16 33.32 36.18 16.16 7.58 33.32
19.02 36.18 36.18 16.16 81.94 39.04 79.08 19.02 70.50 7.58 16.16 93.38 19.02 33.32 33.32
101.96 79.08 7.58 33.32 87.66 7.58 21.88 33.32 16.16 7.58 33.32 16.16 39.04 39.04 4.72
96.24 30.46 39.04 36.18 87.66 16.16 7.58 33.32 79.08 84.80 56.20 4.72 36.18 16.16 33.32
96.24 90.52 4.72 16.16 7.58 24.74 36.18 70.50 76.22 7.58 33.32 16.16 7.58 33.32 33.32
93.38 19.02 33.32 56.20 79.08 36.18 16.16 36.18 16.16 7.58 19.02 33.32 16.16 19.02 36.18
56.20 16.16 81.94 96.24 30.46 56.20 19.02 36.18 76.22 81.94 16.16 7.58 36.18 36.18 87.66
93.38 33.32 87.66 36.18 87.66 7.58 33.32 30.46 76.22 16.16 7.58 33.32 16.16 7.58 36.18
93.38 16.16 7.58 81.94 36.18 16.16 36.18 87.66 7.58 61.92 56.20 84.80 16.16 19.02 33.32 33.32
93.38 33.32 87.66 50.48 76.22 50.48 70.50 76.22 16.16 7.58 33.32 16.16 39.04 39.04 50.48 79.08
96.24 90.52 7.58 33.32 33.32 39.04 39.04 90.52 81.94 16.16 33.32 16.16 96.24 79.08 53.34 33.32
96.24 87.66 36.18 56.20 87.66 101.96 84.80 16.16 36.18 93.38 87.66 7.58 21.88 33.32 16.16 36.18
93.38 36.18 16.16 33.32 1.86 33.32 30.46 76.22 56.20 16.16 7.58 33.32 16.16 16.16 7.58 33.32
16.16 93.38 33.32 79.08 19.02 36.18 87.66 16.16 7.58 19.02 33.32 16.16 7.58 33.32 16.16 36.18
16.16 7.58 33.32 76.22 39.04 56.20 96.24 90.52 50.48 1.86 87.66 70.50 76.22 70.50 76.22 56.20
70.50 76.22 7.58 33.32 33.32 96.24 90.52 7.58 24.74 33.32 16.16 33.32 7.58 33.32 30.46 76.22
93.38 33.32 36.18 30.46 76.22 84.80 7.58 33.32 70.50 7.58 39.04 16.16 101.96 70.50 76.22 33.32
81.94 70.50 7.58 19.02 33.32 96.24 90.52 39.04 87.66 7.58 19.02 33.32 16.16 7.58 19.02 19.02
96.24 90.52 7.58 19.02 19.02 33.32 16.16 33.32 1.86 76.22 84.80 16.16 16.16 7.58 19.02 33.32
16.16 33.32 16.16 33.32 96.24 90.52 7.58 33.32 33.32 70.50 76.22 101.96 33.32 90.52 56.20 19.02
93.38 33.32 16.16 7.58 84.80 79.08 16.16 53.34 36.18 1.86 36.18 79.08 50.48 56.20 19.02 33.32
93.38 33.32 16.16 7.58 84.80 19.02 16.16 81.94 16.16 7.58 33.32 1.86 33.32 16.16 7.58 33.32
93.38 33.32 79.08 7.58 36.18 93.38 79.08 84.80 70.50 76.22 56.20 84.80 16.16 7.58 33.32 33.32
93.38 33.32 79.08 36.18 76.22 70.50 76.22 7.58 33.32 16.16 36.18 16.16 19.02 33.32 79.08 19.02
96.24 79.08 7.58 33.32 16.16 7.58 33.32 39.04 79.08 16.16 81.94 64.78 53.34 19.02 76.22 36.18
93.38 33.32 90.52 84.80 70.50 76.22 7.58 33.32 36.18 16.16 36.18 93.38 87.66 56.20 84.80 84.80
101.96 56.20 90.52 50.48 76.22 70.50 76.22 7.58 19.02 33.32 16.16 4.72 33.32 16.16 19.02 33.32
16.16 33.32 70.50 19.02 36.18 93.38 56.20 90.52 19.02 70.50 76.22 36.18 16.16 81.94 19.02 33.32
96.24 30.46 76.22 70.50 39.04 19.02 36.18 16.16 10.44 87.66 7.58 4.72 21.88 36.18 7.58 33.32
96.24 90.52 7.58 33.32 16.16 7.58 39.04 41.90 33.32 101.96 36.18 87.66 16.16 7.58 19.02 33.32
84.80 70.50 7.58 33.32 16.16 39.04 101.96 30.46 7.58 16.16 39.04 39.04 1.86 39.04 76.22 84.80
33.32 16.16 7.58 33.32 16.16 33.32 1.86 7.58 33.32 16.16 33.32 79.08 19.02 96.24 79.08 50.48
7.58 33.32 30.46 76.22 7.58 33.32 16.16 7.58 19.02 39.04 39.04 101.96 56.20 30.46 50.48 76.22
101.96 19.02 30.46 7.58 33.32 33.32 70.50 76.22 7.58 33.32 16.16 33.32 16.16 7.58 39.04 41.90
16.16 93.38 33.32 90.52 33.32 81.94 84.80 16.16 36.18 70.50 76.22 64.78 36.18 16.16 19.02 36.18
96.24 79.08 84.80 70.50 76.22 19.02 16.16 7.58 33.32 16.16 33.32 1.86 33.32 16.16 19.02 39.04
96.24 79.08 50.48 87.66 70.50 76.22 16.16 33.32 70.50 76.22 16.16 7.58 33.32 81.94 33.32 33.32
56.20 16.16 7.58 33.32 16.16 36.18 16.16 93.38 33.32 79.08 36.18 76.22 76.22 36.18 59.06 19.02
93.38 30.46 50.48 76.22 70.50 76.22 101.96 19.02 33.32 33.32 50.48 87.66 70.50 76.22 16.16 33.32
101.96 87.66 19.02 33.32 33.32 36.18 87.66 33.32 33.32 70.50 76.22 33.32 70.50 7.58 19.02 33.32
93.38 30.46 76.22 16.16 7.58 33.32 70.50 76.22 36.18 16.16 7.58 33.32 16.16 7.58 19.02 33.32
16.16 50.48 87.66 56.20 76.22 19.02 33.32 16.16 33.32 101.96 30.46 53.34 33.32 1.86 33.32 76.22 84.80
93.38 33.32 16.16 36.18 79.08 39.04 79.08 70.50 76.22 16.16 16.16 39.04 39.04 16.16 7.58 39.04 41.90
93.38 33.32 16.16 33.32 79.08 16.16 33.32 16.16 70.50 33.32 81.94 70.50 39.04 39.04 1.86 39.04 33.32
96.24 90.52 7.58 33.32 84.80 70.50 7.58 33.32 16.16 39.04 93.38 90.52 7.58 33.32 16.16 36.18 84.80
96.24 90.52 16.16 7.58 33.32 16.16 7.58 33.32 1.86 33.32 16.16 36.18 90.52 84.80 16.16 19.02 33.32
96.24 90.52 7.58 19.02 33.32 39.04 30.46 76.22 16.16 50.48 90.52 7.58 19.02 33.32 16.16 39.04 33.32
16.16 1.86 7.58 39.04 39.04 1.86 39.04 36.18 93.38 33.32 16.16 33.32 90.52 19.02 16.16 7.58 33.32
16.16 33.32 70.50 36.18 1.86 36.18 16.16 36.18 1.86 36.18 93.38 19.02 36.18 87.66 84.80 16.16 36.18
93.38 4.72 36.18 16.16 33.32 30.46 76.22 84.80 16.16 7.58 33.32 16.16 33.32 16.16 7.58 33.32 36.18
10.44 87.66 4.72 56.20 81.94 33.32 36.18 84.80 16.16 7.58 33.32 19.02 16.16 33.32 96.24 87.66 50.48
93.38 81.94 70.50 7.58 33.32 30.46 7.58 33.32 33.32 16.16 56.20 16.16 81.94 70.50 76.22 7.58 33.32
93.38 4.72 36.18 16.16 33.32 87.66 84.80 16.16 36.18 16.16 19.02 33.32 16.16 19.02 36.18 70.50 76.22
76.22 7.58 4.72 19.02 36.18 93.38 87.66 70.50 36.18 33.32 81.94 70.50 7.58 19.02 33.32 16.16 33.32
93.38 33.32 79.08 39.04 33.32 33.32 36.18 56.20 70.50 84.80 16.16 21.88 19.02 36.18 16.16 7.58 33.32
96.24 30.46 76.22 19.02 70.50 76.22 16.16 7.58 39.04 90.52 19.02 16.16 16.16 36.18 36.18 1.86 36.18
81.94 70.50 39.04 39.04 93.38 30.46 76.22 21.88 16.16 36.18 96.24 87.66 7.58 33.32 16.16 33.32 36.18
56.20 16.16 33.32 16.16 36.18 101.96 56.20 87.66 36.18 84.80 16.16 36.18 16.16 7.58 19.02 4.72 36.18
16.16 19.02 33.32 93.38 30.46 7.58 39.04 87.66 84.80 16.16 70.50 76.22 50.48 56.20 56.20 70.50 7.58 33.32
16.16 33.32 70.50 33.32 16.16 56.20 81.94 84.80 7.58 19.02 33.32 87.66 7.58 19.02 36.18 16.16 39.04 87.66
16.16 7.58 19.02 93.38 90.52 16.16 7.58 19.02 33.32 93.38 4.72 36.18 87.66 7.58 33.32 16.16 7.58 33.32
93.38 33.32 16.16 7.58 33.32 84.80 16.16 7.58 19.02 4.72 36.18 90.52 84.80 84.80 64.78 16.16 7.58 36.18
96.24 79.08 7.58 19.02 19.02 33.32 70.50 7.58 33.32 16.16 7.58 33.32 33.32 33.32 16.16 33.32 36.18 79.08
16.16 93.38 33.32 79.08 7.58 39.04 39.04 39.04 76.22 33.32 16.16 36.18 16.16 19.02 19.02 1.86 19.02 33.32
81.94 70.50 7.58 33.32 16.16 101.96 19.02 36.18 7.58 33.32 30.46 7.58 33.32 76.22 7.58 36.18 33.32 33.32
96.24 87.66 50.48 76.22 70.50 76.22 56.20 56.20 16.16 50.48 87.66 56.20 96.24 70.50 76.22 16.16 7.58 33.32
93.38 33.32 90.52 56.20 84.80 16.16 7.58 33.32 16.16 36.18 16.16 19.02 33.32 36.18 84.80 16.16 7.58 19.02 33.32
16.16 7.58 33.32 90.52 70.50 76.22 36.18 1.86 76.22 70.50 7.58 19.02 33.32 70.50 96.24 30.46 50.48 1.86 76.22
96.24 7.58 36.18 79.08 59.06 1.86 59.06 84.80 16.16 81.94 19.02 16.16 56.20 7.58 36.18 33.32 16.16 19.02 19.02
93.38 4.72 36.18 87.66 36.18 19.02 70.50 76.22 16.16 53.34 33.32 70.50 76.22 36.18 101.96 7.58 36.18 87.66 84.80
93.38 4.72 36.18 87.66 84.80 16.16 7.58 16.16 93.38 36.18 79.08 70.50 76.22 19.02 36.18 16.16 50.48 79.08 33.32
101.96 90.52 7.58 33.32 87.66 36.18 19.02 16.16 7.58 33.32 33.32 1.86 7.58 84.80 33.32 33.32 81.94 7.58 33.32
93.38 4.72 36.18 87.66 36.18 19.02 70.50 76.22 16.16 53.34 33.32 70.50 76.22 36.18 101.96 7.58 36.18 87.66 84.80
93.38 19.02 33.32 30.46 76.22 70.50 7.58 33.32 16.16 33.32 19.02 70.50 7.58 84.80 16.16 33.32 33.32 33.32 36.18
16.16 50.48 87.66 84.80 39.04 39.04 16.16 7.58 33.32 16.16 4.72 16.16 7.58 33.32 36.18 84.80 96.24 30.46 50.48 76.22
93.38 4.72 19.02 36.18 87.66 84.80 70.50 76.22 7.58 33.32 16.16 7.58 33.32 96.24 79.08 7.58 33.32 19.02 36.18 16.16
16.16 50.48 87.66 33.32 16.16 1.86 19.02 84.80 1.86 19.02 84.80 96.24 90.52 7.58 33.32 81.94 50.48 76.22 70.50 76.22
93.38 19.02 33.32 79.08 7.58 33.32 16.16 19.02 33.32 33.32 33.32 70.50 76.22 19.02 33.32 16.16 4.72 1.86 4.72 33.32
101.96 90.52 84.80 7.58 19.02 33.32 16.16 36.18 70.50 76.22 56.20 16.16 53.34 33.32 16.16 36.18 33.32 16.16 19.02 33.32
101.96 56.20 79.08 7.58 36.18 87.66 70.50 76.22 16.16 7.58 33.32 16.16 19.02 33.32 16.16 33.32 4.72 4.72 36.18 16.16
16.16 93.38 33.32 79.08 16.16 4.72 16.16 56.20 84.80 36.18 16.16 7.58 19.02 33.32 16.16 39.04 39.04 76.22 7.58 33.32
16.16 101.96 19.02 30.46 76.22 36.18 87.66 70.50 76.22 7.58 33.32 33.32 16.16 36.18 70.50 76.22 50.48 16.16 81.94 19.02
93.38 36.18 16.16 7.58 33.32 90.52 16.16 50.48 30.46 76.22 7.58 19.02 33.32 16.16 36.18 87.66 7.58 36.18 16.16 81.94 19.02 36.18
39.04 39.04 79.08 70.50 76.22 7.58 33.32 93.38 19.02 36.18 30.46 76.22 70.50 76.22 96.24 79.08 53.34 19.02 33.32 16.16 81.94 33.32
39.04 39.04 90.52 84.80 16.16 7.58 33.32 16.16 33.32 96.24 90.52 7.58 33.32 84.80 16.16 33.32 4.72 70.50 76.22 33.32 16.16 33.32
93.38 33.32 16.16 7.58 84.80 79.08 50.48 79.08 84.80 53.34 36.18 16.16 56.20 81.94 50.48 101.96 50.48 79.08 16.16 81.94 7.58 56.20 33.32
93.38 33.32 33.32 87.66 7.58 36.18 16.16 33.32 81.94 56.20 36.18 93.38 87.66 81.94 36.18 1.86 36.18 81.94 53.34 33.32 16.16 7.58 33.32
56.20 56.20 16.16 81.94 19.02 16.16 36.18 1.86 81.94 7.58 19.02 33.32 33.32 4.72 19.02 16.16 33.32 30.46 7.58 19.02 19.02 33.32 87.66
16.16 101.96 56.20 59.06 79.08 7.58 56.20 19.02 36.18 96.24 79.08 84.80 7.58 36.18 87.66 16.16 7.58 33.32 36.18 16.16 84.80 70.50 7.58 36.18
7.58 36.18 30.46 76.22 56.20 19.02 19.02 36.18 87.66 7.58 33.32 1.86 7.58 19.02 36.18 87.66 21.88 33.32 70.50 76.22 96.24 7.58 33.32 30.46 76.22 7.58 36.18 70.50 76.22
